[[[165 145 150]
  [165 145 150]
  [165 145 150]
  ...
  [176 158 155]
  [178 157 155]
  [179 159 157]]

 [[167 148 152]
  [169 150 154]
  [169 150 154]
  ...
  [172 154 151]
  [177 156 154]
  [178 157 155]]

 [[168 149 153]
  [169 150 154]
  [171 151 156]
  ...
  [171 152 150]
  [169 151 148]
  [172 154 151]]

 ...

 [[176 154 157]
  [176 154 157]
  [176 154 157]
  ...
  [193 167 160]
  [193 167 160]
  [193 167 160]]

 [[173 152 155]
  [176 154 157]
  [176 154 157]
  ...
  [192 166 157]
  [194 168 159]
  [193 167 158]]

 [[176 154 157]
  [174 153 156]
  [176 154 157]
  ...
  [192 166 157]
  [193 167 158]
  [193 167 158]]][]